Name	ID	HW1	HW2	HW3	MID	TOT	GRADE								
4560		50	100	50	30	35									
	0878	50	95	48	29.5	34.14	A				
	0617	40	48	40	26.5	27.26	B				
	8202	45	25	31	19	20.24	C				
	1539	40	90	34	18	24.3	C				
	6575	52.5	99	49	28.5	34.03	A				
	3353	42.5		40	26.5	23.85	C				
	9190	49	100	49	26	32.18	A				
	6539	47.5	95	36	30	33.38	A				
	2239	45	95	41	15	23.57	C				
	8293	46.5	85	48	26	30.79	A			
																
Name	ID	HW1	HW2	HW3	MID	TOT	GRADE									
6560		50	100	50	30	35										
	5632	50	95	50	27	32.625	A				
	4503	50	92	40	26.5	31.31	A				
	0724	50	100	50	29	34.33	A				
	3898	48.5	95	46	28	32.87	A				
	0891	55	108	51	30	36.05	A				
	3284	47.5	100	45	28	33.10	A									
								
																
													
													
													
													
