	ID	HW1	HW2	HW3	EX1	OLD	HW4	EX2	Tot	%	GRADE		
		100	100	100	80		100	80	60	100			
	2003	78	93	66	55.5	C	98	66.5	47.25	78.75		B		
	6629	93	90	58	62.5	B	97	57	46.775	77.95833333	B		
	0093	91	84	80	78	A		66.5	48.875	81.45833333	B		
	5490	94	86	66	70	B	85	65.5	50.425	84.04166667	B		
	6067	70	76		53.5	D		44.5	31.8	53		F		
	8924	84	78		25	F		40	24.35	40.58333333	F		
	8340	78	91	75	66.5	B	98	71.5	51.6	86		B		
	0392	91	84	76	39.5	C	96	41	37.475	62.45833333	C		
	2767	85	96	82	60.5	B	95	69.5	50.4	84		B		
	1539	83	76	81	69.5	B	96	76.5	53.3	88.83333333	A		
	7083	77	80	75	65.5	B	98	58.5	47.5	79.16666667	B		
	1736	89	94	45	73	B	98	68	51.55	85.91666667	B		
	8274	92	81	83	68.5	B	98	74	53.325	88.875		A		
	6796	94	96	84	74	A	93	64	52.85	88.08333333	A		
	0522	93	87	80	75	A	99	80	56.7	94.5		A
	5922	86	98	81	73.5	A	98	70	54.025	90.04166667	A
	9069	84	93	70	73.5	A	94	68.5	52.55	87.58333333	A
	3553	80	94	22	56.5	C	94	24	34.625	57.70833333	D
	2571	82	91	76	69.5	B	99	67.5	51.65	86.08333333	B
	7774	89	76	63	67	B	97	55.5	46.875	78.125		B
	7117	81	97			W						W
	0801	85	85	39	47.5	C		59	37.075	61.79166667	C
	4997	73	59		50	F	48	50	34	56.66666667	D
	6518	45	64	77	55	C	95	56.5	41.925	69.875		C
	9489	90	79	82	67	B	100	76	53.3	88.83333333	A
	1849	35			61.5	F	99	79	41.825	69.70833333	C
	8848	94	97		62	WF						WF
	5459	90	96	84	62	B	89	66	49.95	83.25		B
	5098	83				W						W
	6879	83	50			W						W
	2062	88	98	80	80	A	86	72	55.6	92.66666667	A
