Results
6550  Students
ID    HW1	HW2	EXAM1	Current		GRADE	
      100	80	90	42			
4748  98	72	76	36.61		A	
6006  98	76	76	36.91		A	
3664  97	75	56	30.11		A	
0795  98	75	49	27.84		B	
4859  91	78	67	33.64		A	
2360  97	77	65	33.26		A	
5044  87	76	66	32.92		A	
0764  92	78	79	37.7		A   New id:7507
5056  97	77	52	28.93		B   
1522  85	69	61	30.61		A 
0306  62	38.5	47	22.27		C 
0444  66	51	49	24.12		C 
9419  82	74	69	33.47		A 
9939  92	78	75	36.37		A New id:8133
6600  45	71	54	26.03		B   

4550 Students
ID   HW1	HW2	EXAM1	Current		GRADE
     100	80	80	42		
9996  79	47	39	22.89		C
0270  71	44	62	30.81		A
4802		50	65	28.13		B
0452  90	51	63	32.85		A
4785  36	54	41	21.59		C
4837  65	42	49	25.43		B
1065				0		F
2309  95	22	50	26.1		B
8615  77	49	71	34.92		A
2435		28	47	19.73		C
7882  37			2.22		F
9451				0		F
0514  83	65	54	30.11		A
1725  64	51	55	28.29		B
2062  73	73	60	32.36		A
2012  33			1.98		F
4596  66	40	41	22.34		C
0114  90	63	56	31.13		A
8318		40	44	19.5		C
2916  88	60	55	30.41		A
0798  74	47	40	22.97		C
3566  55		42	19.05		C
1694  31			1.86		F
9441		44	63	26.93		B
1948  63	38	46	23.88		C
